Header Size:	8
Name:	STANDARDIZED 
Date:	Fri Feb 27 16:45:56 2015
Coordinate System:	Global Coordinate System
Character Dimensions:	3	6
TCP Rotation Matrix:	0	0	-1	0	1	0	1	0	0
Column Fields:	CartesianPosition
Column Element Size:	3
Entries:	1637
0.000000	0.000000	0.000000
0.000000	0.000000	0.000000
0.000000	0.000000	0.000000
0.000000	0.000000	0.000000
0.000000	0.000000	0.000000
0.000000	0.000000	0.000000
0.000000	0.000000	0.000000
0.000000	0.000000	0.000000
0.000000	-0.000001	0.000000
0.000000	0.000000	0.000000
0.000000	-0.000001	0.000000
0.000000	-0.000001	0.000000
0.000000	-0.000001	0.000000
0.000000	0.000000	0.000000
0.000000	-0.000001	0.000000
0.000000	-0.000001	0.000000
0.000000	0.000000	0.000000
0.000000	-0.000001	0.000000
0.000000	-0.000001	0.000000
0.000000	-0.000001	0.000000
0.000000	-0.000001	0.000000
0.000000	-0.000001	0.000000
0.000000	-0.000001	0.000000
0.000000	-0.000001	0.000000
0.000000	-0.000001	0.000000
0.000000	-0.000001	0.000000
0.000000	-0.000001	0.000000
0.000000	-0.000001	0.000000
0.000000	-0.000001	0.000000
0.000000	-0.000001	0.000000
0.000000	-0.000001	0.000000
0.000000	-0.000001	0.000000
0.000000	-0.000001	0.000000
0.000000	-0.000001	0.000000
0.000000	-0.000001	0.000000
0.000000	-0.000001	0.000000
0.000000	-0.000001	0.000000
0.000000	-0.000001	0.000000
0.000000	-0.000001	0.000000
0.000000	-0.000001	0.000000
0.000000	0.000000	0.000000
0.000000	0.000000	0.000000
0.000000	-0.000001	0.000000
0.000000	-0.000001	0.000000
0.000000	-0.000001	0.000000
0.000000	-0.000001	0.000000
0.000000	-0.000001	0.000000
0.000000	-0.000001	0.000000
0.000000	-0.000001	0.000000
0.000000	0.000000	0.000000
0.000000	0.000000	0.000000
0.000000	0.000000	0.000000
0.000000	0.000000	0.000000
0.000000	0.000000	0.000000
0.000000	0.000000	0.000000
0.000000	0.000001	0.000000
0.000000	0.000001	0.000000
0.000000	0.000001	0.000000
0.000000	0.000001	0.000000
0.000000	0.000001	0.000000
0.000000	0.000001	0.000000
-0.000001	0.000002	0.000000
-0.000001	0.000002	0.000000
-0.000001	0.000002	0.000000
-0.000001	0.000002	0.000000
-0.000001	0.000002	0.000000
-0.000001	0.000002	0.000000
-0.000001	0.000003	0.000000
-0.000001	0.000003	0.000000
-0.000001	0.000003	0.000000
-0.000001	0.000003	0.000000
-0.000001	0.000004	0.000000
-0.000001	0.000004	0.000000
-0.000001	0.000006	0.000000
-0.000001	0.000006	0.000000
-0.000001	0.000008	0.000000
-0.000002	0.000013	-0.000001
-0.000002	0.000017	-0.000001
-0.000003	0.000023	-0.000001
-0.000003	0.000029	-0.000002
-0.000004	0.000036	-0.000002
-0.000005	0.000042	-0.000002
-0.000005	0.000047	-0.000003
-0.000006	0.000052	-0.000003
-0.000006	0.000057	-0.000003
-0.000007	0.000064	-0.000004
-0.000007	0.000072	-0.000004
-0.000008	0.000079	-0.000005
-0.000010	0.000088	-0.000004
-0.000010	0.000094	-0.000005
-0.000011	0.000101	-0.000005
-0.000011	0.000107	-0.000005
-0.000012	0.000114	-0.000005
-0.000013	0.000120	-0.000006
-0.000014	0.000127	-0.000006
-0.000014	0.000135	-0.000007
-0.000016	0.000146	-0.000007
-0.000017	0.000157	-0.000008
-0.000018	0.000167	-0.000008
-0.000018	0.000175	-0.000009
-0.000019	0.000183	-0.000009
-0.000020	0.000189	-0.000009
-0.000021	0.000195	-0.000009
-0.000021	0.000200	-0.000009
-0.000022	0.000205	-0.000009
-0.000022	0.000209	-0.000009
-0.000023	0.000213	-0.000009
-0.000023	0.000215	-0.000009
-0.000024	0.000219	-0.000009
-0.000024	0.000221	-0.000009
-0.000024	0.000222	-0.000008
-0.000025	0.000224	-0.000008
-0.000025	0.000225	-0.000008
-0.000025	0.000227	-0.000008
-0.000025	0.000229	-0.000008
-0.000026	0.000232	-0.000008
-0.000026	0.000233	-0.000008
-0.000026	0.000234	-0.000008
-0.000026	0.000235	-0.000008
-0.000026	0.000236	-0.000008
-0.000026	0.000236	-0.000008
-0.000027	0.000237	-0.000008
-0.000027	0.000237	-0.000008
-0.000027	0.000238	-0.000008
-0.000027	0.000238	-0.000008
-0.000027	0.000237	-0.000008
-0.000027	0.000239	-0.000008
-0.000027	0.000239	-0.000008
-0.000027	0.000239	-0.000008
-0.000027	0.000239	-0.000008
-0.000027	0.000239	-0.000008
-0.000027	0.000238	-0.000008
-0.000027	0.000239	-0.000007
-0.000027	0.000239	-0.000008
-0.000027	0.000239	-0.000008
-0.000027	0.000239	-0.000007
-0.000027	0.000238	-0.000008
-0.000027	0.000239	-0.000008
-0.000027	0.000239	-0.000008
-0.000027	0.000239	-0.000008
-0.000027	0.000239	-0.000008
-0.000027	0.000239	-0.000008
-0.000027	0.000238	-0.000008
-0.000027	0.000238	-0.000008
-0.000027	0.000238	-0.000008
-0.000027	0.000238	-0.000007
-0.000027	0.000238	-0.000008
-0.000027	0.000237	-0.000007
-0.000027	0.000237	-0.000007
-0.000027	0.000237	-0.000007
-0.000027	0.000236	-0.000008
-0.000027	0.000236	-0.000008
-0.000027	0.000236	-0.000007
-0.000027	0.000235	-0.000007
-0.000027	0.000235	-0.000007
-0.000027	0.000235	-0.000007
-0.000027	0.000235	-0.000007
-0.000027	0.000235	-0.000007
-0.000027	0.000235	-0.000007
-0.000027	0.000235	-0.000007
-0.000027	0.000235	-0.000007
-0.000027	0.000235	-0.000007
-0.000027	0.000235	-0.000007
-0.000027	0.000234	-0.000007
-0.000027	0.000234	-0.000007
-0.000027	0.000234	-0.000007
-0.000027	0.000234	-0.000007
-0.000027	0.000234	-0.000007
-0.000027	0.000234	-0.000007
-0.000027	0.000234	-0.000006
-0.000027	0.000234	-0.000007
-0.000027	0.000234	-0.000006
-0.000027	0.000234	-0.000006
-0.000027	0.000234	-0.000006
-0.000027	0.000234	-0.000006
-0.000027	0.000234	-0.000006
-0.000027	0.000234	-0.000006
-0.000027	0.000234	-0.000006
-0.000027	0.000234	-0.000006
-0.000027	0.000234	-0.000006
-0.000027	0.000234	-0.000006
-0.000027	0.000234	-0.000006
-0.000027	0.000234	-0.000006
-0.000027	0.000234	-0.000006
-0.000028	0.000234	-0.000006
-0.000028	0.000234	-0.000006
-0.000028	0.000234	-0.000005
-0.000028	0.000234	-0.000005
-0.000028	0.000234	-0.000005
-0.000028	0.000234	-0.000005
-0.000028	0.000234	-0.000005
-0.000028	0.000234	-0.000005
-0.000028	0.000234	-0.000005
-0.000028	0.000234	-0.000005
-0.000028	0.000234	-0.000005
-0.000028	0.000234	-0.000005
-0.000028	0.000234	-0.000005
-0.000028	0.000234	-0.000005
-0.000028	0.000234	-0.000005
-0.000028	0.000234	-0.000005
-0.000028	0.000234	-0.000005
-0.000028	0.000234	-0.000005
-0.000028	0.000234	-0.000005
-0.000028	0.000234	-0.000006
-0.000028	0.000234	-0.000005
-0.000028	0.000234	-0.000006
-0.000028	0.000234	-0.000005
-0.000028	0.000234	-0.000005
-0.000028	0.000234	-0.000006
-0.000028	0.000234	-0.000006
-0.000028	0.000234	-0.000006
-0.000028	0.000234	-0.000006
-0.000028	0.000234	-0.000006
-0.000028	0.000234	-0.000005
-0.000028	0.000234	-0.000006
-0.000028	0.000234	-0.000005
-0.000028	0.000234	-0.000005
-0.000028	0.000234	-0.000005
-0.000028	0.000234	-0.000005
-0.000028	0.000234	-0.000006
-0.000028	0.000234	-0.000005
-0.000028	0.000234	-0.000006
-0.000028	0.000234	-0.000005
-0.000028	0.000234	-0.000005
-0.000028	0.000234	-0.000005
-0.000028	0.000234	-0.000005
-0.000028	0.000234	-0.000005
-0.000029	0.000234	-0.000004
-0.000028	0.000234	-0.000005
-0.000028	0.000234	-0.000005
-0.000028	0.000234	-0.000005
-0.000028	0.000234	-0.000005
-0.000028	0.000234	-0.000005
-0.000028	0.000234	-0.000005
-0.000028	0.000234	-0.000005
-0.000028	0.000234	-0.000005
-0.000028	0.000234	-0.000005
-0.000028	0.000234	-0.000005
-0.000028	0.000234	-0.000005
-0.000028	0.000234	-0.000005
-0.000028	0.000234	-0.000005
-0.000028	0.000234	-0.000005
-0.000029	0.000234	-0.000004
-0.000028	0.000234	-0.000005
-0.000029	0.000234	-0.000004
-0.000028	0.000234	-0.000005
-0.000028	0.000234	-0.000005
-0.000028	0.000234	-0.000005
-0.000028	0.000234	-0.000005
-0.000028	0.000234	-0.000005
-0.000028	0.000234	-0.000005
-0.000028	0.000234	-0.000005
-0.000028	0.000234	-0.000005
-0.000028	0.000234	-0.000005
-0.000028	0.000234	-0.000005
-0.000028	0.000234	-0.000005
-0.000028	0.000234	-0.000005
-0.000028	0.000234	-0.000005
-0.000028	0.000234	-0.000005
-0.000028	0.000234	-0.000005
-0.000028	0.000234	-0.000005
-0.000029	0.000234	-0.000004
-0.000028	0.000234	-0.000005
-0.000028	0.000234	-0.000005
-0.000028	0.000234	-0.000005
-0.000028	0.000234	-0.000005
-0.000028	0.000234	-0.000005
-0.000028	0.000234	-0.000005
-0.000028	0.000234	-0.000005
-0.000028	0.000234	-0.000005
-0.000028	0.000234	-0.000005
-0.000028	0.000234	-0.000005
-0.000029	0.000234	-0.000004
-0.000028	0.000234	-0.000005
-0.000029	0.000234	-0.000004
-0.000029	0.000234	-0.000004
-0.000028	0.000234	-0.000005
-0.000029	0.000234	-0.000004
-0.000028	0.000234	-0.000005
-0.000029	0.000234	-0.000004
-0.000028	0.000234	-0.000005
-0.000028	0.000234	-0.000005
-0.000028	0.000234	-0.000005
-0.000029	0.000234	-0.000004
-0.000028	0.000233	-0.000005
-0.000028	0.000233	-0.000005
-0.000028	0.000233	-0.000005
-0.000028	0.000233	-0.000005
-0.000028	0.000232	-0.000005
-0.000028	0.000233	-0.000005
-0.000028	0.000232	-0.000005
-0.000028	0.000233	-0.000005
-0.000028	0.000233	-0.000005
-0.000028	0.000232	-0.000005
-0.000028	0.000232	-0.000005
-0.000029	0.000232	-0.000004
-0.000028	0.000232	-0.000005
-0.000029	0.000232	-0.000004
-0.000028	0.000232	-0.000005
-0.000028	0.000232	-0.000005
-0.000028	0.000232	-0.000005
-0.000029	0.000233	-0.000004
-0.000028	0.000233	-0.000005
-0.000028	0.000233	-0.000005
-0.000028	0.000233	-0.000005
-0.000029	0.000232	-0.000004
-0.000028	0.000233	-0.000005
-0.000029	0.000232	-0.000004
-0.000028	0.000233	-0.000005
-0.000029	0.000233	-0.000004
-0.000028	0.000233	-0.000005
-0.000028	0.000232	-0.000005
-0.000028	0.000233	-0.000005
-0.000028	0.000232	-0.000005
-0.000029	0.000232	-0.000004
-0.000029	0.000232	-0.000004
-0.000028	0.000232	-0.000005
-0.000029	0.000232	-0.000004
-0.000029	0.000232	-0.000004
-0.000029	0.000232	-0.000004
-0.000028	0.000233	-0.000005
-0.000029	0.000233	-0.000004
-0.000029	0.000233	-0.000004
-0.000028	0.000232	-0.000005
-0.000029	0.000233	-0.000004
-0.000029	0.000232	-0.000004
-0.000028	0.000232	-0.000005
-0.000029	0.000232	-0.000004
-0.000028	0.000233	-0.000005
-0.000029	0.000232	-0.000004
-0.000028	0.000232	-0.000005
-0.000029	0.000233	-0.000004
-0.000029	0.000232	-0.000004
-0.000028	0.000232	-0.000005
-0.000029	0.000233	-0.000004
-0.000029	0.000232	-0.000004
-0.000029	0.000233	-0.000004
-0.000029	0.000232	-0.000004
-0.000029	0.000232	-0.000004
-0.000029	0.000232	-0.000004
-0.000029	0.000232	-0.000004
-0.000028	0.000232	-0.000005
-0.000029	0.000232	-0.000004
-0.000029	0.000232	-0.000004
-0.000029	0.000232	-0.000004
-0.000029	0.000232	-0.000004
-0.000029	0.000232	-0.000004
-0.000029	0.000232	-0.000004
-0.000029	0.000232	-0.000004
-0.000029	0.000232	-0.000004
-0.000029	0.000232	-0.000004
-0.000029	0.000232	-0.000004
-0.000029	0.000232	-0.000004
-0.000029	0.000232	-0.000004
-0.000029	0.000232	-0.000004
-0.000028	0.000232	-0.000005
-0.000029	0.000232	-0.000004
-0.000028	0.000232	-0.000005
-0.000028	0.000232	-0.000005
-0.000029	0.000232	-0.000004
-0.000028	0.000232	-0.000005
-0.000029	0.000232	-0.000004
-0.000028	0.000232	-0.000005
-0.000028	0.000232	-0.000005
-0.000028	0.000232	-0.000005
-0.000028	0.000231	-0.000005
-0.000028	0.000231	-0.000005
-0.000028	0.000231	-0.000005
-0.000028	0.000231	-0.000005
-0.000028	0.000231	-0.000005
-0.000028	0.000231	-0.000005
-0.000028	0.000231	-0.000005
-0.000028	0.000231	-0.000005
-0.000028	0.000232	-0.000005
-0.000028	0.000231	-0.000005
-0.000028	0.000231	-0.000005
-0.000029	0.000231	-0.000004
-0.000028	0.000231	-0.000005
-0.000028	0.000231	-0.000005
-0.000028	0.000231	-0.000005
-0.000028	0.000231	-0.000005
-0.000028	0.000231	-0.000005
-0.000028	0.000231	-0.000005
-0.000028	0.000231	-0.000005
-0.000028	0.000231	-0.000005
-0.000028	0.000231	-0.000005
-0.000028	0.000231	-0.000005
-0.000028	0.000231	-0.000005
-0.000028	0.000231	-0.000005
-0.000028	0.000231	-0.000005
-0.000028	0.000231	-0.000005
-0.000028	0.000231	-0.000005
-0.000028	0.000231	-0.000005
-0.000028	0.000231	-0.000005
-0.000029	0.000231	-0.000004
-0.000028	0.000231	-0.000005
-0.000028	0.000231	-0.000005
-0.000029	0.000231	-0.000004
-0.000028	0.000231	-0.000005
-0.000028	0.000231	-0.000005
-0.000028	0.000231	-0.000005
-0.000028	0.000231	-0.000005
-0.000028	0.000231	-0.000005
-0.000028	0.000231	-0.000005
-0.000028	0.000231	-0.000005
-0.000028	0.000231	-0.000005
-0.000028	0.000231	-0.000005
-0.000028	0.000231	-0.000005
-0.000028	0.000231	-0.000005
-0.000028	0.000231	-0.000005
-0.000028	0.000231	-0.000005
-0.000028	0.000231	-0.000005
-0.000028	0.000231	-0.000005
-0.000029	0.000231	-0.000005
-0.000028	0.000231	-0.000005
-0.000028	0.000231	-0.000005
-0.000029	0.000231	-0.000005
-0.000028	0.000231	-0.000005
-0.000028	0.000231	-0.000005
-0.000028	0.000231	-0.000005
-0.000029	0.000231	-0.000005
-0.000028	0.000231	-0.000005
-0.000028	0.000231	-0.000005
-0.000029	0.000231	-0.000005
-0.000029	0.000231	-0.000005
-0.000029	0.000231	-0.000005
-0.000029	0.000231	-0.000005
-0.000029	0.000231	-0.000005
-0.000029	0.000231	-0.000005
-0.000029	0.000231	-0.000004
-0.000029	0.000231	-0.000005
-0.000029	0.000231	-0.000005
-0.000029	0.000231	-0.000005
-0.000029	0.000231	-0.000004
-0.000029	0.000231	-0.000005
-0.000029	0.000231	-0.000005
-0.000029	0.000231	-0.000005
-0.000029	0.000231	-0.000005
-0.000029	0.000231	-0.000005
-0.000029	0.000231	-0.000005
-0.000029	0.000231	-0.000004
-0.000029	0.000231	-0.000005
-0.000029	0.000231	-0.000005
-0.000029	0.000231	-0.000004
-0.000029	0.000231	-0.000005
-0.000029	0.000231	-0.000005
-0.000029	0.000231	-0.000005
-0.000029	0.000231	-0.000004
-0.000029	0.000231	-0.000005
-0.000029	0.000231	-0.000005
-0.000029	0.000231	-0.000005
-0.000029	0.000231	-0.000004
-0.000029	0.000231	-0.000004
-0.000029	0.000231	-0.000005
-0.000029	0.000231	-0.000004
-0.000029	0.000231	-0.000005
-0.000029	0.000231	-0.000004
-0.000029	0.000231	-0.000004
-0.000029	0.000231	-0.000005
-0.000029	0.000231	-0.000004
-0.000029	0.000231	-0.000004
-0.000029	0.000231	-0.000004
-0.000029	0.000231	-0.000004
-0.000029	0.000231	-0.000004
-0.000029	0.000231	-0.000004
-0.000029	0.000231	-0.000004
-0.000029	0.000232	-0.000004
-0.000029	0.000232	-0.000004
-0.000029	0.000233	-0.000004
-0.000029	0.000233	-0.000004
-0.000029	0.000235	-0.000004
-0.000030	0.000237	-0.000004
-0.000030	0.000239	-0.000004
-0.000030	0.000241	-0.000004
-0.000030	0.000243	-0.000004
-0.000031	0.000246	-0.000004
-0.000031	0.000249	-0.000004
-0.000031	0.000252	-0.000004
-0.000032	0.000254	-0.000004
-0.000032	0.000258	-0.000004
-0.000033	0.000261	-0.000004
-0.000033	0.000264	-0.000004
-0.000033	0.000268	-0.000005
-0.000034	0.000272	-0.000005
-0.000035	0.000276	-0.000004
-0.000035	0.000280	-0.000004
-0.000036	0.000285	-0.000003
-0.000037	0.000289	-0.000002
-0.000038	0.000296	-0.000003
-0.000039	0.000302	-0.000001
-0.000041	0.000310	0.000000
-0.000042	0.000316	0.000001
-0.000044	0.000325	0.000003
-0.000046	0.000333	0.000004
-0.000048	0.000341	0.000007
-0.000050	0.000350	0.000009
-0.000052	0.000359	0.000011
-0.000054	0.000368	0.000013
-0.000057	0.000378	0.000016
-0.000059	0.000388	0.000018
-0.000062	0.000398	0.000021
-0.000065	0.000410	0.000024
-0.000068	0.000424	0.000027
-0.000071	0.000436	0.000029
-0.000074	0.000448	0.000032
-0.000077	0.000461	0.000036
-0.000080	0.000472	0.000039
-0.000083	0.000487	0.000042
-0.000086	0.000501	0.000045
-0.000090	0.000517	0.000048
-0.000093	0.000533	0.000051
-0.000097	0.000547	0.000056
-0.000101	0.000562	0.000059
-0.000105	0.000580	0.000062
-0.000109	0.000599	0.000066
-0.000113	0.000617	0.000071
-0.000117	0.000635	0.000074
-0.000121	0.000653	0.000077
-0.000125	0.000672	0.000080
-0.000129	0.000692	0.000085
-0.000133	0.000710	0.000089
-0.000138	0.000727	0.000093
-0.000142	0.000745	0.000098
-0.000147	0.000765	0.000102
-0.000151	0.000785	0.000107
-0.000156	0.000803	0.000113
-0.000161	0.000822	0.000118
-0.000166	0.000842	0.000122
-0.000171	0.000862	0.000127
-0.000176	0.000881	0.000132
-0.000181	0.000900	0.000138
-0.000186	0.000920	0.000144
-0.000191	0.000938	0.000150
-0.000197	0.000958	0.000157
-0.000202	0.000978	0.000163
-0.000208	0.000997	0.000170
-0.000214	0.001017	0.000177
-0.000220	0.001036	0.000184
-0.000226	0.001054	0.000192
-0.000231	0.001072	0.000200
-0.000237	0.001091	0.000206
-0.000243	0.001112	0.000214
-0.000249	0.001130	0.000222
-0.000255	0.001148	0.000229
-0.000262	0.001169	0.000238
-0.000268	0.001187	0.000247
-0.000275	0.001206	0.000257
-0.000283	0.001227	0.000268
-0.000290	0.001244	0.000278
-0.000297	0.001264	0.000288
-0.000304	0.001286	0.000298
-0.000311	0.001305	0.000308
-0.000319	0.001325	0.000319
-0.000327	0.001346	0.000330
-0.000335	0.001366	0.000342
-0.000343	0.001386	0.000353
-0.000351	0.001407	0.000365
-0.000360	0.001427	0.000379
-0.000369	0.001448	0.000392
-0.000378	0.001470	0.000404
-0.000386	0.001491	0.000417
-0.000396	0.001512	0.000431
-0.000405	0.001534	0.000446
-0.000414	0.001552	0.000459
-0.000423	0.001574	0.000473
-0.000432	0.001593	0.000488
-0.000443	0.001612	0.000504
-0.000451	0.001634	0.000517
-0.000461	0.001656	0.000532
-0.000471	0.001676	0.000548
-0.000482	0.001698	0.000565
-0.000491	0.001718	0.000580
-0.000502	0.001741	0.000597
-0.000514	0.001764	0.000616
-0.000524	0.001784	0.000632
-0.000534	0.001807	0.000648
-0.000546	0.001827	0.000667
-0.000557	0.001848	0.000685
-0.000567	0.001868	0.000701
-0.000579	0.001888	0.000720
-0.000590	0.001909	0.000739
-0.000600	0.001929	0.000755
-0.000612	0.001952	0.000775
-0.000623	0.001971	0.000793
-0.000633	0.001991	0.000809
-0.000644	0.002012	0.000828
-0.000655	0.002031	0.000846
-0.000666	0.002054	0.000862
-0.000676	0.002075	0.000878
-0.000687	0.002097	0.000896
-0.000698	0.002120	0.000914
-0.000707	0.002140	0.000929
-0.000718	0.002162	0.000947
-0.000727	0.002183	0.000963
-0.000736	0.002203	0.000978
-0.000745	0.002224	0.000993
-0.000755	0.002243	0.001009
-0.000763	0.002264	0.001023
-0.000771	0.002284	0.001037
-0.000779	0.002302	0.001052
-0.000787	0.002320	0.001066
-0.000794	0.002338	0.001079
-0.000801	0.002356	0.001093
-0.000808	0.002373	0.001108
-0.000814	0.002390	0.001120
-0.000818	0.002406	0.001131
-0.000824	0.002421	0.001144
-0.000828	0.002437	0.001157
-0.000832	0.002451	0.001167
-0.000835	0.002468	0.001177
-0.000838	0.002484	0.001187
-0.000840	0.002497	0.001197
-0.000842	0.002510	0.001206
-0.000842	0.002524	0.001213
-0.000842	0.002538	0.001222
-0.000843	0.002551	0.001231
-0.000842	0.002562	0.001238
-0.000840	0.002574	0.001243
-0.000839	0.002587	0.001250
-0.000837	0.002600	0.001256
-0.000835	0.002611	0.001263
-0.000832	0.002622	0.001267
-0.000828	0.002635	0.001271
-0.000826	0.002648	0.001276
-0.000823	0.002659	0.001281
-0.000819	0.002670	0.001285
-0.000813	0.002681	0.001287
-0.000810	0.002693	0.001291
-0.000806	0.002706	0.001296
-0.000799	0.002717	0.001297
-0.000793	0.002727	0.001299
-0.000787	0.002739	0.001300
-0.000782	0.002751	0.001301
-0.000777	0.002764	0.001303
-0.000770	0.002775	0.001304
-0.000763	0.002785	0.001303
-0.000755	0.002797	0.001303
-0.000749	0.002809	0.001302
-0.000743	0.002822	0.001303
-0.000735	0.002832	0.001302
-0.000729	0.002844	0.001303
-0.000721	0.002855	0.001301
-0.000712	0.002869	0.001298
-0.000705	0.002883	0.001297
-0.000698	0.002895	0.001297
-0.000689	0.002908	0.001295
-0.000683	0.002923	0.001294
-0.000675	0.002938	0.001293
-0.000666	0.002955	0.001290
-0.000658	0.002968	0.001288
-0.000649	0.002982	0.001285
-0.000640	0.002998	0.001282
-0.000631	0.003012	0.001281
-0.000621	0.003026	0.001277
-0.000611	0.003039	0.001274
-0.000601	0.003055	0.001270
-0.000592	0.003071	0.001268
-0.000583	0.003085	0.001265
-0.000573	0.003098	0.001262
-0.000563	0.003114	0.001260
-0.000553	0.003130	0.001256
-0.000542	0.003144	0.001252
-0.000532	0.003157	0.001249
-0.000521	0.003171	0.001245
-0.000512	0.003186	0.001244
-0.000503	0.003201	0.001241
-0.000492	0.003214	0.001237
-0.000482	0.003227	0.001234
-0.000471	0.003242	0.001229
-0.000460	0.003257	0.001225
-0.000448	0.003270	0.001220
-0.000436	0.003283	0.001215
-0.000426	0.003298	0.001211
-0.000413	0.003313	0.001206
-0.000403	0.003326	0.001204
-0.000392	0.003338	0.001199
-0.000381	0.003353	0.001196
-0.000370	0.003367	0.001193
-0.000358	0.003381	0.001189
-0.000345	0.003393	0.001184
-0.000333	0.003407	0.001180
-0.000322	0.003422	0.001176
-0.000308	0.003437	0.001171
-0.000296	0.003450	0.001168
-0.000282	0.003464	0.001163
-0.000271	0.003480	0.001161
-0.000258	0.003495	0.001156
-0.000246	0.003508	0.001152
-0.000232	0.003523	0.001147
-0.000220	0.003541	0.001144
-0.000206	0.003556	0.001140
-0.000193	0.003570	0.001135
-0.000179	0.003586	0.001131
-0.000167	0.003604	0.001127
-0.000153	0.003620	0.001124
-0.000140	0.003635	0.001121
-0.000127	0.003653	0.001118
-0.000114	0.003671	0.001113
-0.000101	0.003687	0.001109
-0.000088	0.003703	0.001107
-0.000077	0.003722	0.001105
-0.000064	0.003742	0.001102
-0.000052	0.003762	0.001099
-0.000040	0.003782	0.001097
-0.000030	0.003804	0.001096
-0.000019	0.003824	0.001094
-0.000009	0.003844	0.001093
0.000001	0.003867	0.001092
0.000011	0.003887	0.001090
0.000020	0.003907	0.001090
0.000029	0.003930	0.001091
0.000038	0.003951	0.001090
0.000048	0.003972	0.001089
0.000056	0.003993	0.001089
0.000064	0.004015	0.001090
0.000071	0.004036	0.001091
0.000078	0.004059	0.001092
0.000085	0.004081	0.001092
0.000092	0.004102	0.001093
0.000099	0.004125	0.001093
0.000106	0.004145	0.001095
0.000113	0.004165	0.001097
0.000120	0.004187	0.001098
0.000126	0.004209	0.001100
0.000133	0.004230	0.001101
0.000139	0.004251	0.001102
0.000145	0.004273	0.001104
0.000153	0.004293	0.001105
0.000160	0.004316	0.001105
0.000167	0.004338	0.001106
0.000175	0.004358	0.001107
0.000182	0.004380	0.001108
0.000189	0.004401	0.001110
0.000196	0.004421	0.001111
0.000202	0.004443	0.001113
0.000210	0.004464	0.001115
0.000216	0.004484	0.001117
0.000225	0.004505	0.001117
0.000234	0.004526	0.001117
0.000242	0.004544	0.001119
0.000250	0.004563	0.001121
0.000258	0.004582	0.001122
0.000268	0.004598	0.001123
0.000276	0.004616	0.001124
0.000285	0.004634	0.001125
0.000293	0.004649	0.001127
0.000303	0.004664	0.001128
0.000312	0.004681	0.001128
0.000321	0.004695	0.001129
0.000331	0.004708	0.001130
0.000340	0.004722	0.001131
0.000350	0.004737	0.001131
0.000359	0.004751	0.001132
0.000370	0.004763	0.001131
0.000379	0.004777	0.001132
0.000390	0.004791	0.001132
0.000400	0.004803	0.001131
0.000411	0.004813	0.001130
0.000421	0.004825	0.001132
0.000432	0.004837	0.001131
0.000441	0.004849	0.001132
0.000451	0.004860	0.001133
0.000463	0.004870	0.001132
0.000475	0.004882	0.001131
0.000487	0.004894	0.001130
0.000499	0.004904	0.001128
0.000512	0.004913	0.001127
0.000526	0.004922	0.001124
0.000539	0.004931	0.001122
0.000552	0.004941	0.001121
0.000565	0.004951	0.001118
0.000579	0.004960	0.001116
0.000593	0.004969	0.001113
0.000607	0.004979	0.001110
0.000622	0.004989	0.001107
0.000637	0.004998	0.001103
0.000651	0.005007	0.001101
0.000667	0.005015	0.001097
0.000682	0.005023	0.001093
0.000697	0.005030	0.001091
0.000712	0.005039	0.001087
0.000727	0.005047	0.001083
0.000744	0.005056	0.001078
0.000759	0.005065	0.001076
0.000775	0.005072	0.001071
0.000791	0.005080	0.001067
0.000808	0.005087	0.001062
0.000825	0.005095	0.001056
0.000842	0.005102	0.001051
0.000858	0.005110	0.001048
0.000873	0.005116	0.001045
0.000890	0.005124	0.001040
0.000907	0.005132	0.001035
0.000923	0.005139	0.001032
0.000941	0.005146	0.001026
0.000958	0.005154	0.001022
0.000974	0.005161	0.001018
0.000990	0.005169	0.001014
0.001006	0.005176	0.001010
0.001022	0.005184	0.001007
0.001037	0.005190	0.001004
0.001054	0.005196	0.000998
0.001069	0.005202	0.000995
0.001085	0.005208	0.000990
0.001100	0.005214	0.000986
0.001115	0.005220	0.000982
0.001131	0.005225	0.000978
0.001145	0.005230	0.000974
0.001160	0.005235	0.000970
0.001175	0.005241	0.000966
0.001190	0.005246	0.000962
0.001203	0.005251	0.000958
0.001219	0.005256	0.000953
0.001232	0.005261	0.000949
0.001247	0.005266	0.000944
0.001260	0.005270	0.000940
0.001275	0.005277	0.000934
0.001288	0.005282	0.000930
0.001302	0.005287	0.000924
0.001314	0.005293	0.000920
0.001327	0.005298	0.000916
0.001340	0.005302	0.000911
0.001352	0.005309	0.000906
0.001365	0.005313	0.000902
0.001375	0.005317	0.000899
0.001388	0.005322	0.000893
0.001400	0.005326	0.000888
0.001412	0.005331	0.000883
0.001424	0.005335	0.000878
0.001435	0.005339	0.000874
0.001446	0.005343	0.000869
0.001457	0.005348	0.000864
0.001468	0.005351	0.000859
0.001480	0.005355	0.000853
0.001491	0.005359	0.000848
0.001502	0.005363	0.000842
0.001513	0.005366	0.000837
0.001524	0.005369	0.000832
0.001534	0.005372	0.000826
0.001544	0.005375	0.000820
0.001554	0.005377	0.000816
0.001564	0.005381	0.000810
0.001575	0.005383	0.000804
0.001586	0.005386	0.000797
0.001595	0.005390	0.000791
0.001604	0.005393	0.000785
0.001615	0.005396	0.000778
0.001623	0.005400	0.000774
0.001631	0.005404	0.000769
0.001639	0.005407	0.000763
0.001647	0.005411	0.000758
0.001655	0.005414	0.000752
0.001662	0.005418	0.000748
0.001669	0.005421	0.000744
0.001675	0.005424	0.000739
0.001681	0.005428	0.000735
0.001686	0.005431	0.000731
0.001691	0.005434	0.000729
0.001694	0.005438	0.000726
0.001699	0.005441	0.000722
0.001703	0.005444	0.000720
0.001707	0.005447	0.000717
0.001710	0.005450	0.000715
0.001712	0.005453	0.000713
0.001714	0.005456	0.000712
0.001716	0.005459	0.000710
0.001717	0.005463	0.000709
0.001718	0.005465	0.000708
0.001719	0.005467	0.000707
0.001720	0.005470	0.000707
0.001721	0.005473	0.000706
0.001721	0.005476	0.000706
0.001722	0.005479	0.000705
0.001722	0.005483	0.000706
0.001722	0.005487	0.000706
0.001722	0.005491	0.000705
0.001722	0.005497	0.000706
0.001722	0.005502	0.000706
0.001722	0.005507	0.000705
0.001722	0.005513	0.000705
0.001723	0.005520	0.000704
0.001724	0.005525	0.000703
0.001724	0.005532	0.000702
0.001725	0.005538	0.000701
0.001726	0.005545	0.000699
0.001728	0.005551	0.000697
0.001728	0.005558	0.000696
0.001729	0.005566	0.000695
0.001732	0.005574	0.000692
0.001733	0.005581	0.000690
0.001734	0.005589	0.000688
0.001737	0.005598	0.000685
0.001740	0.005607	0.000682
0.001744	0.005617	0.000678
0.001746	0.005626	0.000675
0.001749	0.005634	0.000671
0.001753	0.005643	0.000668
0.001757	0.005651	0.000664
0.001762	0.005658	0.000661
0.001767	0.005665	0.000656
0.001772	0.005673	0.000651
0.001778	0.005682	0.000647
0.001784	0.005690	0.000642
0.001792	0.005696	0.000636
0.001799	0.005704	0.000630
0.001807	0.005710	0.000624
0.001814	0.005715	0.000618
0.001821	0.005721	0.000613
0.001830	0.005727	0.000606
0.001839	0.005732	0.000600
0.001848	0.005738	0.000593
0.001857	0.005743	0.000587
0.001867	0.005749	0.000580
0.001875	0.005754	0.000574
0.001884	0.005759	0.000567
0.001893	0.005764	0.000561
0.001903	0.005768	0.000554
0.001915	0.005774	0.000545
0.001925	0.005779	0.000538
0.001935	0.005784	0.000531
0.001946	0.005789	0.000524
0.001956	0.005793	0.000516
0.001966	0.005799	0.000509
0.001977	0.005803	0.000501
0.001988	0.005808	0.000494
0.001999	0.005813	0.000486
0.002011	0.005818	0.000478
0.002023	0.005823	0.000469
0.002033	0.005828	0.000462
0.002045	0.005833	0.000454
0.002057	0.005838	0.000445
0.002068	0.005843	0.000438
0.002078	0.005848	0.000430
0.002090	0.005853	0.000422
0.002101	0.005858	0.000414
0.002112	0.005864	0.000406
0.002124	0.005868	0.000398
0.002136	0.005874	0.000389
0.002147	0.005878	0.000382
0.002157	0.005883	0.000374
0.002167	0.005888	0.000367
0.002177	0.005893	0.000360
0.002186	0.005896	0.000354
0.002196	0.005902	0.000347
0.002206	0.005906	0.000340
0.002215	0.005910	0.000334
0.002225	0.005916	0.000326
0.002234	0.005920	0.000320
0.002242	0.005924	0.000314
0.002249	0.005928	0.000309
0.002257	0.005932	0.000304
0.002264	0.005934	0.000298
0.002272	0.005938	0.000293
0.002281	0.005941	0.000286
0.002290	0.005944	0.000280
0.002299	0.005946	0.000274
0.002307	0.005948	0.000268
0.002315	0.005950	0.000263
0.002320	0.005952	0.000260
0.002328	0.005953	0.000254
0.002337	0.005953	0.000247
0.002345	0.005954	0.000243
0.002354	0.005955	0.000237
0.002361	0.005954	0.000232
0.002368	0.005955	0.000228
0.002377	0.005955	0.000222
0.002385	0.005955	0.000217
0.002393	0.005954	0.000211
0.002401	0.005955	0.000206
0.002410	0.005954	0.000199
0.002418	0.005955	0.000194
0.002425	0.005955	0.000189
0.002433	0.005954	0.000184
0.002440	0.005955	0.000179
0.002447	0.005954	0.000174
0.002455	0.005954	0.000169
0.002462	0.005954	0.000164
0.002469	0.005954	0.000160
0.002475	0.005954	0.000155
0.002481	0.005955	0.000151
0.002487	0.005954	0.000147
0.002492	0.005954	0.000144
0.002496	0.005955	0.000141
0.002500	0.005955	0.000138
0.002504	0.005955	0.000136
0.002507	0.005954	0.000134
0.002509	0.005954	0.000133
0.002511	0.005954	0.000132
0.002512	0.005954	0.000131
0.002512	0.005954	0.000131
0.002512	0.005954	0.000131
0.002512	0.005954	0.000131
0.002513	0.005954	0.000130
0.002512	0.005954	0.000131
0.002512	0.005954	0.000131
0.002512	0.005954	0.000131
0.002512	0.005954	0.000131
0.002512	0.005954	0.000131
0.002512	0.005954	0.000131
0.002512	0.005953	0.000132
0.002512	0.005953	0.000132
0.002512	0.005953	0.000132
0.002512	0.005953	0.000133
0.002512	0.005953	0.000133
0.002511	0.005953	0.000134
0.002511	0.005953	0.000134
0.002511	0.005953	0.000135
0.002511	0.005953	0.000135
0.002511	0.005953	0.000135
0.002510	0.005953	0.000136
0.002510	0.005953	0.000136
0.002511	0.005954	0.000135
0.002510	0.005954	0.000136
0.002511	0.005954	0.000135
0.002511	0.005954	0.000135
0.002511	0.005954	0.000134
0.002511	0.005955	0.000134
0.002511	0.005955	0.000134
0.002511	0.005956	0.000134
0.002512	0.005957	0.000133
0.002512	0.005958	0.000133
0.002512	0.005959	0.000132
0.002512	0.005961	0.000132
0.002512	0.005962	0.000132
0.002512	0.005963	0.000132
0.002512	0.005963	0.000131
0.002513	0.005963	0.000130
0.002513	0.005965	0.000130
0.002514	0.005965	0.000130
0.002514	0.005965	0.000129
0.002514	0.005965	0.000130
0.002515	0.005965	0.000129
0.002515	0.005966	0.000129
0.002515	0.005966	0.000129
0.002516	0.005966	0.000128
0.002516	0.005966	0.000128
0.002516	0.005965	0.000128
0.002517	0.005966	0.000128
0.002517	0.005966	0.000128
0.002517	0.005965	0.000128
0.002517	0.005966	0.000127
0.002517	0.005966	0.000127
0.002517	0.005966	0.000127
0.002518	0.005965	0.000127
0.002518	0.005965	0.000127
0.002518	0.005965	0.000126
0.002518	0.005965	0.000127
0.002519	0.005965	0.000126
0.002519	0.005965	0.000126
0.002520	0.005965	0.000125
0.002520	0.005965	0.000125
0.002519	0.005966	0.000125
0.002520	0.005965	0.000125
0.002520	0.005966	0.000125
0.002520	0.005966	0.000125
0.002520	0.005966	0.000125
0.002521	0.005966	0.000124
0.002521	0.005966	0.000124
0.002521	0.005966	0.000124
0.002521	0.005966	0.000124
0.002521	0.005967	0.000124
0.002521	0.005967	0.000124
0.002521	0.005968	0.000123
0.002522	0.005969	0.000122
0.002521	0.005969	0.000123
0.002522	0.005970	0.000122
0.002522	0.005970	0.000122
0.002523	0.005970	0.000121
0.002523	0.005971	0.000121
0.002523	0.005972	0.000120
0.002523	0.005972	0.000120
0.002523	0.005972	0.000120
0.002523	0.005974	0.000120
0.002524	0.005975	0.000119
0.002524	0.005976	0.000119
0.002524	0.005977	0.000118
0.002524	0.005979	0.000117
0.002525	0.005980	0.000117
0.002525	0.005983	0.000116
0.002526	0.005984	0.000115
0.002526	0.005986	0.000114
0.002527	0.005989	0.000112
0.002527	0.005992	0.000111
0.002528	0.005996	0.000110
0.002529	0.005998	0.000108
0.002530	0.006003	0.000106
0.002530	0.006006	0.000105
0.002531	0.006010	0.000103
0.002533	0.006012	0.000101
0.002534	0.006016	0.000099
0.002535	0.006019	0.000097
0.002536	0.006023	0.000095
0.002537	0.006026	0.000093
0.002539	0.006029	0.000091
0.002541	0.006032	0.000089
0.002543	0.006035	0.000087
0.002544	0.006038	0.000085
0.002547	0.006040	0.000081
0.002550	0.006043	0.000078
0.002552	0.006045	0.000076
0.002555	0.006048	0.000073
0.002557	0.006050	0.000070
0.002560	0.006053	0.000068
0.002563	0.006055	0.000064
0.002566	0.006057	0.000061
0.002569	0.006059	0.000058
0.002573	0.006060	0.000055
0.002576	0.006062	0.000051
0.002580	0.006063	0.000048
0.002583	0.006065	0.000045
0.002586	0.006067	0.000042
0.002589	0.006069	0.000038
0.002593	0.006071	0.000034
0.002596	0.006072	0.000031
0.002599	0.006074	0.000028
0.002601	0.006074	0.000025
0.002605	0.006077	0.000022
0.002609	0.006079	0.000018
0.002612	0.006080	0.000014
0.002616	0.006082	0.000010
0.002619	0.006083	0.000006
0.002621	0.006085	0.000003
0.002624	0.006087	0.000000
0.002626	0.006089	-0.000003
0.002628	0.006090	-0.000004
0.002629	0.006091	-0.000006
0.002630	0.006091	-0.000007
0.002630	0.006092	-0.000007
0.002631	0.006092	-0.000009
0.002631	0.006093	-0.000011
0.002633	0.006093	-0.000013
0.002633	0.006092	-0.000013
0.002633	0.006093	-0.000013
0.002633	0.006093	-0.000013
0.002633	0.006093	-0.000013
0.002633	0.006093	-0.000013
0.002633	0.006092	-0.000013
0.002634	0.006093	-0.000014
0.002634	0.006092	-0.000014
0.002634	0.006092	-0.000014
0.002634	0.006091	-0.000014
0.002635	0.006091	-0.000015
0.002636	0.006091	-0.000015
0.002636	0.006091	-0.000016
0.002637	0.006090	-0.000016
0.002637	0.006090	-0.000016
0.002638	0.006089	-0.000017
0.002638	0.006089	-0.000017
0.002639	0.006089	-0.000018
0.002639	0.006088	-0.000018
0.002640	0.006089	-0.000019
0.002640	0.006088	-0.000019
0.002640	0.006088	-0.000018
0.002640	0.006088	-0.000019
0.002641	0.006088	-0.000020
0.002641	0.006088	-0.000020
0.002641	0.006088	-0.000020
0.002642	0.006087	-0.000020
0.002642	0.006088	-0.000020
0.002643	0.006087	-0.000021
0.002643	0.006086	-0.000021
0.002644	0.006086	-0.000022
0.002644	0.006085	-0.000021
0.002645	0.006085	-0.000022
0.002645	0.006085	-0.000022
0.002645	0.006085	-0.000022
0.002645	0.006084	-0.000022
0.002645	0.006084	-0.000022
0.002646	0.006084	-0.000022
0.002646	0.006084	-0.000023
0.002646	0.006084	-0.000022
0.002646	0.006084	-0.000023
0.002646	0.006084	-0.000023
0.002646	0.006083	-0.000023
0.002648	0.006083	-0.000024
0.002647	0.006084	-0.000024
0.002648	0.006083	-0.000024
0.002648	0.006083	-0.000024
0.002648	0.006083	-0.000024
0.002648	0.006083	-0.000024
0.002648	0.006083	-0.000024
0.002648	0.006083	-0.000024
0.002648	0.006083	-0.000025
0.002648	0.006083	-0.000025
0.002648	0.006083	-0.000025
0.002648	0.006083	-0.000025
0.002648	0.006083	-0.000025
0.002648	0.006083	-0.000025
0.002648	0.006082	-0.000024
0.002648	0.006082	-0.000024
0.002648	0.006082	-0.000024
0.002648	0.006082	-0.000024
0.002648	0.006082	-0.000024
0.002648	0.006082	-0.000024
0.002649	0.006081	-0.000025
0.002649	0.006081	-0.000025
0.002649	0.006081	-0.000025
0.002649	0.006080	-0.000025
0.002649	0.006080	-0.000025
0.002649	0.006079	-0.000025
0.002649	0.006079	-0.000025
0.002649	0.006079	-0.000025
0.002649	0.006079	-0.000025
0.002649	0.006078	-0.000024
0.002649	0.006077	-0.000024
0.002649	0.006077	-0.000024
0.002649	0.006076	-0.000024
0.002649	0.006076	-0.000024
0.002649	0.006075	-0.000024
0.002650	0.006074	-0.000025
0.002649	0.006073	-0.000024
0.002649	0.006073	-0.000024
0.002649	0.006073	-0.000024
0.002650	0.006072	-0.000024
0.002650	0.006071	-0.000024
0.002650	0.006071	-0.000024
0.002650	0.006071	-0.000024
0.002650	0.006070	-0.000024
0.002650	0.006069	-0.000024
0.002650	0.006068	-0.000024
0.002650	0.006067	-0.000024
0.002650	0.006066	-0.000024
0.002650	0.006065	-0.000024
0.002650	0.006064	-0.000024
0.002650	0.006063	-0.000023
0.002650	0.006062	-0.000023
0.002651	0.006061	-0.000023
0.002651	0.006060	-0.000023
0.002651	0.006057	-0.000023
0.002651	0.006056	-0.000023
0.002651	0.006054	-0.000022
0.002651	0.006051	-0.000022
0.002651	0.006049	-0.000022
0.002651	0.006046	-0.000022
0.002651	0.006043	-0.000021
0.002651	0.006039	-0.000021
0.002651	0.006036	-0.000020
0.002651	0.006031	-0.000020
0.002651	0.006027	-0.000019
0.002651	0.006023	-0.000019
0.002651	0.006017	-0.000018
0.002652	0.006013	-0.000018
0.002652	0.006007	-0.000017
0.002652	0.006002	-0.000016
0.002653	0.005997	-0.000016
0.002653	0.005992	-0.000015
0.002653	0.005987	-0.000015
0.002654	0.005984	-0.000015
0.002654	0.005980	-0.000014
0.002654	0.005977	-0.000014
0.002654	0.005975	-0.000013
0.002654	0.005972	-0.000013
0.002655	0.005970	-0.000013
0.002655	0.005968	-0.000013
0.002655	0.005967	-0.000013
0.002655	0.005965	-0.000013
0.002655	0.005964	-0.000012
0.002655	0.005963	-0.000012
0.002655	0.005962	-0.000012
0.002655	0.005962	-0.000012
0.002655	0.005962	-0.000012
0.002655	0.005961	-0.000012
0.002655	0.005961	-0.000012
0.002655	0.005961	-0.000012
0.002655	0.005961	-0.000012
0.002655	0.005961	-0.000012
0.002655	0.005961	-0.000012
0.002655	0.005961	-0.000012
0.002655	0.005961	-0.000012
0.002655	0.005961	-0.000012
0.002655	0.005961	-0.000012
0.002655	0.005960	-0.000012
0.002655	0.005960	-0.000012
0.002655	0.005960	-0.000012
0.002655	0.005960	-0.000012
0.002655	0.005960	-0.000012
0.002655	0.005960	-0.000012
0.002655	0.005960	-0.000012
0.002655	0.005960	-0.000012
0.002655	0.005960	-0.000012
0.002655	0.005960	-0.000012
0.002655	0.005960	-0.000012
0.002655	0.005960	-0.000012
0.002655	0.005960	-0.000012
0.002655	0.005960	-0.000012
0.002655	0.005960	-0.000012
0.002655	0.005960	-0.000012
0.002655	0.005960	-0.000012
0.002655	0.005960	-0.000012
0.002655	0.005960	-0.000012
0.002655	0.005960	-0.000012
0.002655	0.005960	-0.000012
0.002655	0.005960	-0.000012
0.002655	0.005960	-0.000012
0.002655	0.005960	-0.000012
0.002655	0.005960	-0.000012
0.002655	0.005960	-0.000012
0.002655	0.005960	-0.000012
0.002655	0.005960	-0.000012
0.002655	0.005960	-0.000012
0.002655	0.005960	-0.000012
0.002655	0.005961	-0.000012
0.002655	0.005960	-0.000012
0.002655	0.005961	-0.000012
0.002654	0.005961	-0.000011
0.002655	0.005961	-0.000012
0.002655	0.005961	-0.000012
0.002655	0.005961	-0.000012
0.002655	0.005961	-0.000012
0.002655	0.005961	-0.000012
0.002655	0.005961	-0.000012
0.002655	0.005961	-0.000012
0.002654	0.005961	-0.000011
0.002654	0.005961	-0.000011
0.002655	0.005961	-0.000012
0.002654	0.005961	-0.000011
0.002654	0.005961	-0.000011
0.002654	0.005961	-0.000011
0.002654	0.005961	-0.000011
0.002655	0.005961	-0.000012
0.002654	0.005961	-0.000011
0.002654	0.005961	-0.000011
0.002655	0.005961	-0.000012
0.002655	0.005961	-0.000012
0.002655	0.005962	-0.000012
0.002655	0.005961	-0.000012
0.002655	0.005961	-0.000012
0.002655	0.005961	-0.000012
0.002655	0.005961	-0.000012
0.002655	0.005961	-0.000012
0.002655	0.005961	-0.000012
0.002654	0.005961	-0.000011
0.002655	0.005961	-0.000012
0.002655	0.005962	-0.000012
0.002655	0.005961	-0.000012
0.002654	0.005961	-0.000011
0.002655	0.005961	-0.000012
0.002654	0.005962	-0.000011
0.002655	0.005961	-0.000012
0.002655	0.005961	-0.000012
0.002655	0.005961	-0.000012
0.002654	0.005961	-0.000011
0.002655	0.005961	-0.000012
0.002654	0.005961	-0.000011
0.002655	0.005961	-0.000012
0.002654	0.005961	-0.000011
0.002654	0.005961	-0.000011
0.002655	0.005961	-0.000012
0.002654	0.005961	-0.000011
0.002654	0.005961	-0.000011
0.002654	0.005961	-0.000011
0.002654	0.005961	-0.000011
0.002655	0.005961	-0.000012
0.002654	0.005961	-0.000011
0.002655	0.005961	-0.000012
0.002655	0.005961	-0.000012
0.002655	0.005961	-0.000012
0.002655	0.005961	-0.000012
0.002655	0.005961	-0.000012
0.002655	0.005961	-0.000012
0.002655	0.005961	-0.000012
0.002655	0.005961	-0.000012
0.002655	0.005961	-0.000012
0.002655	0.005961	-0.000012
0.002655	0.005961	-0.000012
0.002655	0.005961	-0.000012
0.002655	0.005961	-0.000012
0.002655	0.005961	-0.000012
0.002655	0.005961	-0.000012
0.002655	0.005961	-0.000012
0.002655	0.005961	-0.000012
0.002655	0.005961	-0.000012
0.002655	0.005961	-0.000012
0.002654	0.005961	-0.000011
0.002655	0.005961	-0.000012
0.002654	0.005960	-0.000011
0.002654	0.005961	-0.000011
0.002655	0.005960	-0.000012
0.002654	0.005961	-0.000011
0.002654	0.005961	-0.000011
0.002654	0.005961	-0.000011
0.002655	0.005961	-0.000012
0.002655	0.005961	-0.000012
0.002655	0.005961	-0.000012
0.002655	0.005961	-0.000012
0.002655	0.005961	-0.000012
0.002655	0.005960	-0.000012
0.002655	0.005960	-0.000012
0.002655	0.005960	-0.000012
0.002655	0.005960	-0.000012
0.002655	0.005960	-0.000012
0.002655	0.005959	-0.000012
0.002655	0.005959	-0.000012
0.002655	0.005959	-0.000012
0.002655	0.005959	-0.000012
0.002655	0.005959	-0.000012
0.002655	0.005960	-0.000012
0.002655	0.005960	-0.000012
0.002654	0.005960	-0.000011
0.002655	0.005960	-0.000012
0.002654	0.005959	-0.000011
0.002655	0.005960	-0.000012
0.002654	0.005959	-0.000011
0.002655	0.005960	-0.000012
0.002654	0.005960	-0.000011
0.002654	0.005960	-0.000011
0.002654	0.005959	-0.000011
0.002655	0.005960	-0.000012
0.002655	0.005960	-0.000012
0.002654	0.005960	-0.000011
0.002655	0.005960	-0.000012
0.002655	0.005960	-0.000012
0.002655	0.005960	-0.000012
0.002655	0.005960	-0.000012
0.002655	0.005960	-0.000012
0.002655	0.005960	-0.000012
0.002655	0.005959	-0.000012
0.002655	0.005960	-0.000012
0.002655	0.005959	-0.000012
0.002654	0.005959	-0.000011
0.002655	0.005960	-0.000012
0.002654	0.005959	-0.000011
0.002655	0.005959	-0.000012
0.002655	0.005960	-0.000012
0.002654	0.005959	-0.000011
0.002654	0.005959	-0.000011
0.002654	0.005960	-0.000011
0.002654	0.005959	-0.000011
0.002654	0.005960	-0.000011
0.002654	0.005959	-0.000011
0.002654	0.005960	-0.000010
0.002654	0.005960	-0.000010
0.002654	0.005960	-0.000010
0.002654	0.005960	-0.000010
0.002654	0.005960	-0.000011
0.002654	0.005960	-0.000011
0.002654	0.005960	-0.000010
0.002654	0.005959	-0.000011
0.002654	0.005959	-0.000011
0.002654	0.005960	-0.000011
0.002654	0.005959	-0.000010
0.002654	0.005960	-0.000011
0.002654	0.005960	-0.000011
0.002654	0.005960	-0.000010
0.002654	0.005960	-0.000011
0.002654	0.005960	-0.000010
0.002654	0.005959	-0.000010
0.002654	0.005959	-0.000011
0.002654	0.005959	-0.000010
0.002654	0.005960	-0.000011
0.002654	0.005959	-0.000011
0.002654	0.005959	-0.000010
0.002654	0.005959	-0.000010
0.002654	0.005959	-0.000010
0.002654	0.005959	-0.000010
0.002654	0.005959	-0.000010
0.002654	0.005959	-0.000010
0.002654	0.005959	-0.000010
0.002654	0.005959	-0.000010
0.002654	0.005959	-0.000010
0.002654	0.005959	-0.000010
0.002654	0.005959	-0.000011
0.002654	0.005959	-0.000010
0.002654	0.005960	-0.000011
0.002654	0.005959	-0.000011
0.002654	0.005959	-0.000011
0.002654	0.005959	-0.000011
0.002654	0.005959	-0.000011
0.002654	0.005959	-0.000011
0.002654	0.005959	-0.000011
0.002654	0.005959	-0.000011
0.002654	0.005959	-0.000011
0.002654	0.005959	-0.000011
0.002654	0.005959	-0.000011
0.002654	0.005959	-0.000011
0.002654	0.005959	-0.000011
0.002654	0.005959	-0.000011
0.002654	0.005959	-0.000011
0.002654	0.005958	-0.000010
0.002654	0.005959	-0.000011
0.002654	0.005959	-0.000011
0.002654	0.005958	-0.000010
0.002654	0.005959	-0.000011
0.002654	0.005958	-0.000010
0.002654	0.005958	-0.000010
0.002654	0.005959	-0.000011
0.002654	0.005958	-0.000010
0.002654	0.005958	-0.000010
0.002654	0.005959	-0.000011
0.002654	0.005958	-0.000010
0.002654	0.005959	-0.000011
0.002654	0.005959	-0.000011
0.002654	0.005959	-0.000011
0.002654	0.005959	-0.000011
0.002654	0.005959	-0.000011
0.002654	0.005960	-0.000011
0.002654	0.005959	-0.000011
0.002654	0.005959	-0.000011
0.002654	0.005959	-0.000011
0.002654	0.005959	-0.000011
0.002654	0.005959	-0.000011
0.002654	0.005959	-0.000011
0.002654	0.005959	-0.000011
0.002654	0.005958	-0.000010
0.002654	0.005959	-0.000011
0.002654	0.005958	-0.000010
0.002654	0.005959	-0.000011
0.002654	0.005958	-0.000010
0.002654	0.005958	-0.000010
0.002654	0.005958	-0.000010
0.002654	0.005958	-0.000010
0.002654	0.005958	-0.000010
0.002654	0.005958	-0.000010
0.002654	0.005958	-0.000010
0.002653	0.005958	-0.000010
0.002654	0.005958	-0.000010
0.002654	0.005958	-0.000010
0.002654	0.005958	-0.000010
0.002654	0.005958	-0.000010
0.002654	0.005958	-0.000010
0.002653	0.005958	-0.000010
0.002654	0.005958	-0.000011
0.002654	0.005958	-0.000010
0.002654	0.005958	-0.000011
0.002654	0.005959	-0.000011
0.002654	0.005959	-0.000011
0.002654	0.005959	-0.000011
0.002654	0.005958	-0.000011
0.002654	0.005959	-0.000011
0.002654	0.005959	-0.000011
0.002654	0.005959	-0.000011
0.002654	0.005959	-0.000011
0.002654	0.005959	-0.000011
0.002654	0.005958	-0.000011
0.002654	0.005959	-0.000011
0.002654	0.005958	-0.000010
0.002654	0.005958	-0.000011
0.002654	0.005958	-0.000010
0.002654	0.005958	-0.000010
0.002653	0.005958	-0.000010
0.002654	0.005959	-0.000011
0.002654	0.005958	-0.000010
0.002654	0.005959	-0.000011
0.002654	0.005958	-0.000010
0.002654	0.005958	-0.000010
0.002654	0.005959	-0.000011
0.002654	0.005959	-0.000011
0.002653	0.005958	-0.000010
0.002654	0.005958	-0.000011
0.002653	0.005958	-0.000010
0.002653	0.005958	-0.000010
0.002654	0.005959	-0.000011
0.002653	0.005958	-0.000010
0.002654	0.005959	-0.000011
0.002653	0.005958	-0.000010
0.002654	0.005959	-0.000011
0.002653	0.005958	-0.000010
0.002654	0.005958	-0.000011
0.002654	0.005959	-0.000011
0.002654	0.005959	-0.000011
0.002653	0.005959	-0.000010
0.002654	0.005959	-0.000011
0.002653	0.005958	-0.000010
0.002653	0.005960	-0.000010
0.002653	0.005959	-0.000010
0.002653	0.005959	-0.000010
0.002653	0.005959	-0.000010
0.002653	0.005959	-0.000010
0.002653	0.005958	-0.000010
0.002653	0.005959	-0.000010
0.002653	0.005959	-0.000010
0.002653	0.005958	-0.000010
0.002653	0.005959	-0.000010
0.002653	0.005958	-0.000010
0.002653	0.005959	-0.000010
0.002653	0.005960	-0.000010
0.002654	0.005959	-0.000011
0.002653	0.005958	-0.000010
0.002653	0.005958	-0.000010
0.002654	0.005958	-0.000011
0.002653	0.005959	-0.000010
0.002654	0.005958	-0.000011
0.002653	0.005959	-0.000010
0.002654	0.005958	-0.000011
0.002654	0.005958	-0.000011
0.002654	0.005959	-0.000011
0.002654	0.005958	-0.000011
0.002654	0.005959	-0.000011
0.002653	0.005959	-0.000010
0.002654	0.005958	-0.000011
0.002653	0.005959	-0.000010
0.002654	0.005958	-0.000011
0.002653	0.005959	-0.000010
0.002653	0.005959	-0.000010
0.002653	0.005959	-0.000010
0.002654	0.005959	-0.000011
0.002653	0.005960	-0.000010
0.002654	0.005959	-0.000011
0.002653	0.005959	-0.000010
0.002654	0.005959	-0.000011
0.002654	0.005958	-0.000011
0.002653	0.005959	-0.000010
0.002654	0.005959	-0.000011
0.002653	0.005959	-0.000010
0.002653	0.005959	-0.000010
0.002653	0.005958	-0.000010
0.002653	0.005959	-0.000010
0.002654	0.005959	-0.000011
0.002653	0.005958	-0.000010
0.002653	0.005960	-0.000010
0.002654	0.005959	-0.000011
0.002653	0.005960	-0.000010
0.002654	0.005960	-0.000011
0.002653	0.005960	-0.000010
0.002653	0.005960	-0.000011
0.002653	0.005960	-0.000011
0.002653	0.005960	-0.000010
0.002653	0.005960	-0.000011
0.002654	0.005960	-0.000011
0.002653	0.005959	-0.000010
0.002654	0.005960	-0.000011
0.002653	0.005960	-0.000010
0.002654	0.005960	-0.000011
0.002653	0.005960	-0.000010
0.002653	0.005960	-0.000010
0.002653	0.005960	-0.000010
0.002653	0.005960	-0.000010
0.002653	0.005960	-0.000010
0.002653	0.005960	-0.000010
0.002653	0.005960	-0.000010
0.002653	0.005960	-0.000010
0.002653	0.005960	-0.000010
0.002653	0.005960	-0.000010
0.002653	0.005960	-0.000011
0.002654	0.005960	-0.000011
0.002653	0.005960	-0.000010
0.002653	0.005960	-0.000011
0.002653	0.005960	-0.000010
